alpha1: 2.1393393073315647
alpha: 1.9347835490384473
n0: 2.405530111764332
n09: 0.812203652705148