alpha1: 4.148177197402472
alpha: 6.255439655032649
n0: 2.4614602770690075
n09: 1.829576725266213