alpha1: 2.5481432590183077
alpha: 50
n0: 2.356806232381888
n09: 0.7721830960965557